##start
1212 12 12
129 12 9
1512 15 12
1215 12 15
912 9 12
915 9 15
1515 15 15
159 15 9
99 9 9
69 6 9
66 6 6
96 9 6
126 12 6
156 15 6
186 18 6
189 18 9
1812 18 12
1815 18 15
1818 18 18
1518 15 18
1218 12 18
918 9 18
618 6 18
615 6 15
612 6 12
312 3 12
39 3 9
36 3 6
63 6 3
93 9 3
123 12 3
153 15 3
183 18 3
213 21 3
216 21 6
219 21 9
2112 21 12
2115 21 15
2118 21 18
2121 21 21
1821 18 21
1521 15 21
1221 12 21
921 9 21
621 6 21
321 3 21
318 3 18
315 3 15
015 0 15
012 0 12
09 0 9
06 0 6
03 0 3
00 0 0
30 3 0
60 6 0
90 9 0
120 12 0
150 15 0
180 18 0
210 21 0
240 24 0
243 24 3
246 24 6
249 24 9
2412 24 12
2415 24 15
2418 24 18
2421 24 21
2424 24 24
2124 21 24
1824 18 24
1524 15 24
1224 12 24
924 9 24
624 6 24
324 3 24
024 0 24
021 0 21
018 0 18
##end
33 3 3
